날짜,시간,시가,고가,저가,종가,거래량,거래대금,누적체결매도수량,누적체결매수수량
20240808,901,3225,3245,3215,3240,47665,153660000,15908,31757
20240808,902,3245,3250,3145,3190,40491,128990000,47007,41149
20240808,903,3170,3195,3145,3175,22325,70840000,61563,48918
20240808,904,3180,3230,3170,3225,30445,97340000,64955,75971
20240808,905,3245,3280,3220,3270,24160,78600000,71733,93353
20240808,906,3270,3340,3250,3315,46934,154010000,88098,123922
20240808,907,3330,3340,3310,3310,77280,256840000,141864,147436
20240808,908,3310,3320,3300,3320,25888,85850000,153775,161413
20240808,909,3320,3340,3315,3335,74218,247040000,196973,192433
20240808,910,3335,3340,3310,3340,29598,98450000,208854,210150
20240808,911,3330,3340,3310,3320,34829,115600000,240543,213290
20240808,912,3320,3325,3300,3300,42056,139150000,277709,218180
20240808,913,3300,3310,3295,3300,20192,66650000,295129,220952
20240808,914,3295,3320,3295,3320,25080,82860000,298686,242475
20240808,915,3315,3325,3315,3325,16052,53330000,303236,253977
20240808,916,3325,3400,3325,3400,133375,449300000,311758,378830
20240808,917,3400,3420,3380,3390,145550,494800000,381202,454936
20240808,918,3390,3415,3385,3415,40142,136400000,394936,481344
20240808,919,3415,3450,3405,3445,141798,486320000,434082,583996
20240808,920,3450,3470,3440,3455,122456,423940000,487716,652818
20240808,921,3455,3460,3445,3450,85173,294160000,534638,691069
20240808,922,3455,3460,3440,3440,66574,229660000,584058,708223
20240808,923,3440,3450,3425,3445,78934,271170000,636915,734300
20240808,924,3450,3530,3445,3510,267960,935250000,683954,955221
20240808,925,3505,3545,3480,3540,113508,399540000,725937,1026746
20240808,927,3555,3570,3545,3550,140470,499500000,748925,1144228
20240808,928,3555,3620,3540,3610,360764,1289560000,909149,1344768
20240808,929,3610,3655,3595,3625,308530,1120650000,1066546,1495901
20240808,930,3615,3730,3615,3700,306229,1126680000,1200940,1667736
20240808,931,3700,3855,3685,3825,429651,1623830000,1389344,1908983
20240808,932,3825,3830,3705,3760,360752,1360150000,1628220,2030859
20240808,933,3760,3760,3675,3705,249309,925530000,1813034,2095354
20240808,934,3710,3715,3625,3655,213484,781010000,1946966,2174906
20240808,935,3650,3655,3620,3640,141483,514240000,2029852,2233503
20240808,936,3640,3695,3635,3680,137651,505130000,2079337,2321669
20240808,937,3675,3690,3650,3675,97391,357990000,2139788,2358609
20240808,938,3675,3735,3655,3735,152246,562920000,2183492,2467151
20240808,939,3730,3770,3725,3765,125222,469710000,2241071,2534794
20240808,940,3760,3795,3760,3765,195248,737750000,2329619,2641494
20240808,941,3760,3765,3695,3725,123254,459420000,2416015,2678352
20240808,942,3720,3725,3685,3690,81506,301990000,2485160,2690713
20240808,943,3690,3730,3670,3730,83018,306130000,2528600,2730291
20240808,944,3730,3765,3725,3755,100024,373910000,2565578,2793337
20240808,945,3750,3770,3745,3770,79218,297880000,2593672,2844461
20240808,946,3770,3850,3770,3835,311422,1189900000,2699418,3050137
20240808,947,3835,3900,3825,3895,421491,1634630000,2835563,3335483
20240808,948,3895,3910,3870,3910,153576,599060000,2868209,3456413
20240808,950,3910,3920,3900,3910,152860,597700000,2923380,3554102
20240808,951,3910,3935,3835,3845,291479,1134030000,3134825,3634136
20240808,952,3835,3860,3805,3805,153569,588620000,3239918,3682612
20240808,953,3805,3835,3775,3820,170459,649030000,3307805,3785184
20240808,954,3825,3830,3750,3770,118949,449860000,3395021,3816917
20240808,955,3770,3790,3755,3785,83829,315750000,3440266,3855501
20240808,956,3785,3845,3780,3815,132599,506840000,3497076,3931290
20240808,957,3815,3850,3810,3825,99462,381000000,3544185,3983643
20240808,958,3825,3830,3810,3810,51679,197310000,3583174,3996333
20240808,959,3810,3810,3750,3765,121142,455990000,3686146,4014503
20240808,1000,3765,3785,3750,3780,66603,250420000,3726715,4040537
20240808,1001,3770,3795,3765,3785,32733,123890000,3740563,4059422
20240808,1002,3785,3785,3750,3750,62136,233560000,3788716,4073405
20240808,1003,3750,3760,3715,3725,94060,351210000,3861225,4094956
20240808,1004,3725,3760,3725,3760,43162,161470000,3877452,4121891
20240808,1005,3755,3760,3720,3720,50105,187290000,3919107,4130341
20240808,1006,3725,3745,3705,3745,65021,241960000,3955658,4158811
20240808,1007,3735,3745,3710,3715,31617,117710000,3976113,4169973
20240808,1008,3710,3730,3710,3715,44574,165710000,4005346,4185314
20240808,1009,3715,3725,3700,3720,71216,263970000,4058772,4203104
20240808,1010,3715,3745,3715,3740,45470,169770000,4065797,4241549
20240808,1011,3745,3775,3735,3775,58016,218250000,4077426,4287936
20240808,1012,3770,3775,3725,3725,71365,268240000,4123428,4313299
20240808,1013,3725,3735,3715,3720,23888,88940000,4137758,4322857
20240808,1014,3720,3735,3715,3735,9390,34970000,4142966,4327039
20240808,1015,3735,3740,3725,3740,10062,37570000,4150187,4329880
20240808,1016,3740,3775,3735,3770,41984,157810000,4160109,4361942
20240808,1017,3770,3770,3760,3760,26040,98000000,4173157,4374934
20240808,1018,3765,3770,3760,3760,38968,146750000,4192468,4394591
20240808,1019,3760,3765,3720,3720,33612,125740000,4224700,4395971
20240808,1020,3720,3720,3705,3715,32506,120680000,4252995,4400182
20240808,1021,3710,3740,3705,3740,24629,91610000,4261142,4416664
20240808,1022,3745,3745,3715,3720,8449,31500000,4267708,4418547
20240808,1023,3725,3725,3710,3710,8611,32010000,4274273,4420593
20240808,1024,3715,3750,3710,3745,40499,150770000,4278970,4456395
20240808,1025,3745,3750,3710,3735,19168,71670000,4292863,4461670
20240808,1026,3735,3735,3710,3710,9724,36180000,4300497,4463760
20240808,1027,3710,3730,3710,3710,17873,66320000,4315783,4466347
20240808,1028,3710,3715,3675,3680,108186,399130000,4420335,4469981
20240808,1029,3675,3680,3650,3670,82202,300680000,4496226,4476292
20240808,1030,3675,3710,3670,3675,30663,113050000,4505709,4497472
20240808,1031,3670,3695,3670,3695,15147,55760000,4509548,4508780
20240808,1032,3695,3700,3680,3700,20734,76580000,4513987,4525075
20240808,1033,3705,3715,3690,3715,11189,41470000,4518531,4531720
20240808,1034,3710,3715,3670,3670,35099,129510000,4549851,4535499
20240808,1035,3670,3675,3640,3650,47165,172160000,4584270,4548245
20240808,1036,3655,3685,3645,3685,16627,60940000,4593894,4555248
20240808,1037,3685,3685,3655,3665,18026,66060000,4603913,4563255
20240808,1038,3665,3680,3660,3680,13782,50590000,4610840,4570110
20240808,1039,3675,3675,3655,3655,32015,117200000,4625242,4587723
20240808,1040,3660,3670,3655,3665,23822,87160000,4637130,4599657
20240808,1041,3670,3680,3660,3680,14332,52600000,4639815,4611304
20240808,1042,3680,3695,3670,3695,16927,62430000,4644323,4623723
20240808,1043,3690,3710,3690,3705,42612,157490000,4649723,4660935
20240808,1044,3710,3710,3690,3695,34588,128010000,4668745,4676501
20240808,1045,3690,3700,3665,3670,28606,105430000,4693896,4679956
20240808,1046,3675,3680,3660,3675,15133,55500000,4707212,4681773
20240808,1047,3675,3675,3645,3650,42062,153780000,4745895,4685152
20240808,1048,3650,3655,3645,3645,15582,56860000,4760075,4686554
20240808,1049,3650,3670,3640,3670,34903,127200000,4776918,4704614
20240808,1050,3660,3685,3655,3675,11571,42560000,4781130,4711973
20240808,1051,3675,3680,3650,3660,42255,154620000,4799564,4735794
20240808,1052,3670,3680,3660,3680,9754,35790000,4802599,4742513
20240808,1053,3675,3705,3670,3695,16367,60390000,4805595,4755884
20240808,1054,3695,3715,3690,3715,21578,79990000,4813303,4769754
20240808,1055,3710,3715,3700,3710,18332,68020000,4821642,4779747
20240808,1056,3710,3715,3705,3710,9973,36990000,4830978,4780384
20240808,1057,3710,3710,3700,3705,9546,35370000,4838001,4782907
20240808,1058,3705,3710,3685,3690,8523,31510000,4844966,4784465
20240808,1059,3685,3700,3685,3700,17779,65610000,4858258,4788952
20240808,1100,3700,3735,3695,3730,38528,143100000,4862896,4822842
20240808,1101,3730,3730,3710,3710,14176,52710000,4869211,4830703
20240808,1102,3715,3720,3710,3720,9420,34990000,4872386,4836948
20240808,1103,3720,3735,3715,3735,17115,63770000,4874898,4851551
20240808,1104,3735,3735,3720,3720,19782,73730000,4883028,4863203
20240808,1105,3720,3725,3720,3720,8253,30710000,4888762,4865722
20240808,1106,3725,3730,3715,3730,8539,31770000,4893314,4869709
20240808,1107,3725,3740,3720,3740,16245,60640000,4895841,4883427
20240808,1108,3735,3750,3735,3750,25786,96460000,4900443,4904611
20240808,1109,3745,3780,3745,3780,50608,190410000,4904421,4951241
20240808,1110,3780,3785,3750,3770,60900,229790000,4941120,4975442
20240808,1111,3760,3800,3760,3800,40052,151630000,4947591,5009023
20240808,1112,3800,3800,3780,3790,43376,164440000,4967196,5032794
20240808,1113,3795,3845,3795,3835,102011,390150000,4999403,5102598
20240808,1114,3835,3835,3800,3810,36488,139350000,5021147,5117342
20240808,1115,3820,3840,3810,3835,69256,265190000,5042217,5165528
20240808,1116,3840,3840,3770,3790,39652,150730000,5071561,5175836
20240808,1117,3785,3790,3760,3760,37922,143070000,5103970,5181349
20240808,1118,3775,3775,3755,3765,12966,48830000,5112999,5185286
20240808,1119,3765,3775,3740,3765,35013,131450000,5132063,5201235
20240808,1120,3770,3775,3760,3765,12919,48680000,5136674,5209543
20240808,1121,3770,3770,3750,3750,8989,33810000,5144821,5210385
20240808,1122,3750,3775,3740,3770,20264,76110000,5155205,5220265
20240808,1123,3765,3780,3760,3780,12942,48790000,5159393,5229019
20240808,1124,3780,3800,3775,3800,19501,73840000,5168102,5239811
20240808,1125,3800,3800,3790,3790,11979,45490000,5173806,5246086
20240808,1126,3790,3795,3760,3760,19843,75020000,5190090,5249645
20240808,1127,3755,3780,3750,3755,23259,87420000,5205425,5257569
20240808,1128,3755,3765,3750,3755,9015,33860000,5208452,5263557
20240808,1129,3760,3780,3745,3750,13730,51500000,5218252,5267487
20240808,1130,3770,3790,3755,3785,11693,44210000,5219834,5277598
20240808,1131,3785,3795,3775,3780,18214,68960000,5226406,5289240
20240808,1132,3795,3830,3785,3825,47339,180180000,5232960,5330025
20240808,1133,3825,3830,3805,3820,31985,122190000,5243005,5351965
20240808,1134,3820,3890,3820,3870,200955,775340000,5290606,5505319
20240808,1135,3870,3875,3850,3850,64900,250320000,5336559,5524266
20240808,1136,3850,3860,3830,3855,48861,187890000,5372576,5537110
20240808,1137,3850,3855,3825,3825,20013,76790000,5387403,5542296
20240808,1138,3825,3840,3820,3825,32572,124700000,5410607,5551664
20240808,1139,3825,3890,3820,3885,80395,310960000,5421132,5621534
20240808,1140,3885,3895,3870,3890,76077,295750000,5451717,5667026
20240808,1141,3885,3890,3820,3830,105798,408500000,5545277,5679264
20240808,1142,3830,3865,3830,3850,32867,126290000,5559717,5697691
20240808,1143,3850,3850,3825,3835,24093,92360000,5581460,5700041
20240808,1144,3830,3840,3830,3840,8914,34180000,5588034,5702381
20240808,1145,3840,3840,3825,3825,12808,49090000,5594887,5708336
20240808,1146,3825,3825,3815,3820,20490,78290000,5612512,5711201
20240808,1147,3815,3850,3815,3850,21790,83460000,5616276,5729227
20240808,1148,3845,3860,3845,3845,24026,92490000,5625560,5743969
20240808,1149,3850,3855,3830,3835,9556,36700000,5633949,5745136
20240808,1150,3830,3850,3830,3845,16665,63920000,5640599,5755151
20240808,1151,3840,3850,3830,3835,20711,79510000,5655136,5761325
20240808,1152,3830,3840,3825,3835,8676,33230000,5660648,5764489
20240808,1153,3835,3835,3805,3805,33188,126710000,5688475,5769850
20240808,1154,3805,3820,3800,3810,21437,81620000,5697542,5782220
20240808,1155,3815,3840,3810,3835,20146,77090000,5703792,5796116
20240808,1156,3830,3835,3820,3830,12535,47980000,5713227,5799216
20240808,1157,3835,3845,3830,3840,7048,27060000,5714986,5804505
20240808,1158,3840,3855,3835,3840,20265,77890000,5720487,5819269
20240808,1159,3855,3865,3845,3865,27297,105300000,5725150,5841903
20240808,1200,3870,3895,3865,3890,94361,366260000,5737019,5924395
20240808,1201,3890,3890,3875,3880,24894,96660000,5744204,5942104
20240808,1202,3885,3885,3850,3855,27248,105450000,5764921,5948635
20240808,1203,3860,3870,3855,3870,17522,67680000,5773487,5957591
20240808,1204,3870,3870,3845,3845,17652,68000000,5790118,5958612
20240808,1205,3845,3845,3820,3830,24031,92170000,5807429,5965332
20240808,1206,3835,3855,3830,3835,8211,31490000,5811081,5969891
20240808,1207,3835,3840,3825,3825,17363,66540000,5825264,5973071
20240808,1208,3825,3835,3825,3835,4100,15710000,5827957,5974478
20240808,1209,3830,3835,3825,3825,8078,30920000,5835252,5975261
20240808,1210,3825,3825,3775,3800,59309,225220000,5882674,5987148
20240808,1211,3790,3800,3780,3785,26864,101870000,5894617,6002069
20240808,1212,3780,3810,3775,3810,23357,88450000,5900822,6019221
20240808,1213,3810,3815,3800,3805,14184,54010000,5908732,6025495
20240808,1214,3805,3810,3800,3810,10401,39560000,5914884,6029744
20240808,1215,3810,3810,3790,3790,12824,48720000,5927234,6030218
20240808,1216,3790,3800,3785,3790,12829,48580000,5931145,6039136
20240808,1217,3795,3800,3790,3800,2764,10490000,5932313,6040732
20240808,1218,3795,3810,3795,3800,16189,61570000,5938588,6050646
20240808,1219,3800,3820,3800,3815,13272,50550000,5942939,6059567
20240808,1220,3815,3840,3810,3835,16946,64830000,5949905,6069547
20240808,1221,3840,3840,3800,3810,43686,167160000,5981623,6081515
20240808,1222,3810,3810,3790,3800,19054,72390000,5993337,6088855
20240808,1223,3805,3805,3795,3800,7785,29590000,5996931,6093046
20240808,1224,3805,3810,3800,3800,10802,41060000,6002388,6098391
20240808,1225,3800,3805,3795,3805,7561,28740000,6005999,6102341
20240808,1226,3805,3815,3795,3800,7967,30300000,6011795,6104512
20240808,1227,3810,3815,3795,3805,3931,14960000,6013383,6106855
20240808,1228,3815,3820,3810,3815,3529,13460000,6014892,6108875
20240808,1229,3820,3820,3815,3815,7880,30070000,6020899,6110748
20240808,1230,3815,3815,3800,3805,11194,42580000,6031404,6111437
20240808,1231,3805,3805,3800,3800,4982,18930000,6036172,6111651
20240808,1232,3800,3820,3800,3805,12924,49190000,6038084,6122663
20240808,1233,3810,3845,3810,3840,23568,90360000,6047307,6137008
20240808,1234,3840,3855,3835,3850,33619,129340000,6053923,6164011
20240808,1235,3855,3885,3855,3880,47291,182950000,6057807,6207418
20240808,1236,3880,3890,3870,3880,50535,196130000,6073331,6242429
20240808,1237,3885,3895,3880,3890,53097,206430000,6095625,6273232
20240808,1238,3890,3895,3875,3895,39802,154750000,6108824,6299835
20240808,1239,3890,3895,3865,3865,23913,92740000,6126587,6305985
20240808,1240,3865,3870,3835,3870,29537,113800000,6145026,6317083
20240808,1241,3870,3890,3865,3880,20869,81020000,6153250,6329728
20240808,1242,3880,3880,3850,3870,14153,54670000,6162789,6334342
20240808,1243,3870,3890,3865,3880,24946,96870000,6171682,6350395
20240808,1244,3885,3890,3880,3890,29176,113430000,6179523,6371730
20240808,1245,3885,3895,3880,3895,48203,187550000,6199656,6399800
20240808,1246,3895,3895,3875,3880,20105,78070000,6213395,6406166
20240808,1247,3880,3880,3860,3865,20243,78300000,6228496,6411308
20240808,1248,3870,3880,3860,3880,14808,57270000,6235133,6419479
20240808,1249,3880,3880,3865,3865,8213,31790000,6242183,6420642
20240808,1250,3865,3865,3840,3845,19931,76780000,6259043,6423713
20240808,1251,3845,3860,3840,3855,16148,62080000,6268785,6430119
20240808,1252,3845,3855,3835,3845,19977,76780000,6287037,6431844
20240808,1253,3845,3845,3840,3845,5692,21870000,6291513,6433060
20240808,1254,3840,3870,3830,3870,13360,51420000,6296257,6441676
20240808,1255,3865,3865,3855,3860,9510,36710000,6304011,6443432
20240808,1256,3855,3855,3835,3845,7796,29990000,6310358,6444881
20240808,1257,3845,3845,3830,3830,16091,61710000,6326018,6445312
20240808,1258,3830,3835,3805,3815,17076,65180000,6340021,6448385
20240808,1259,3810,3815,3795,3800,30420,115670000,6367279,6451547
20240808,1300,3800,3835,3800,3825,33821,129290000,6379587,6473060
20240808,1301,3825,3830,3805,3810,3063,11690000,6381523,6474187
20240808,1302,3820,3820,3800,3815,22016,83760000,6402408,6475318
20240808,1303,3815,3815,3790,3790,29160,110730000,6429361,6477525
20240808,1304,3790,3795,3760,3760,36328,137130000,6459722,6483492
20240808,1305,3765,3780,3740,3740,38938,146300000,6490644,6491508
20240808,1306,3750,3765,3740,3765,21818,81870000,6501893,6502077
20240808,1307,3760,3780,3755,3770,13271,50040000,6507173,6510068
20240808,1308,3770,3785,3755,3770,12879,48560000,6514941,6515179
20240808,1309,3770,3785,3770,3780,12872,48630000,6522771,6520221
20240808,1310,3770,3785,3770,3780,8909,33680000,6524632,6527269
20240808,1311,3775,3795,3775,3795,7733,29290000,6525940,6533694
20240808,1312,3795,3800,3790,3795,26980,102350000,6539700,6546914
20240808,1313,3795,3800,3770,3775,31513,119400000,6569067,6549060
20240808,1314,3775,3775,3760,3765,12132,45700000,6578878,6551381
20240808,1315,3765,3790,3765,3785,9989,37700000,6582426,6557822
20240808,1316,3785,3820,3780,3815,23955,91200000,6586385,6577818
20240808,1317,3820,3820,3800,3805,9664,36830000,6593656,6580211
20240808,1318,3805,3810,3805,3810,3683,14020000,6596660,6580890
20240808,1319,3805,3810,3795,3810,18930,71980000,6611204,6585276
20240808,1320,3810,3810,3800,3800,10380,39500000,6619353,6587507
20240808,1321,3805,3835,3800,3830,16155,61720000,6621517,6601498
20240808,1322,3830,3835,3825,3830,9694,37140000,6622564,6610145
20240808,1323,3830,3855,3830,3855,30452,117040000,6625046,6638115
20240808,1324,3855,3870,3850,3870,36786,142070000,6632325,6667622
20240808,1325,3870,3870,3840,3850,24030,92740000,6645485,6678492
20240808,1326,3850,3850,3840,3845,9613,36950000,6653334,6680256
20240808,1327,3845,3845,3830,3845,14195,54490000,6665847,6681938
20240808,1328,3840,3850,3830,3840,12784,49090000,6670113,6690456
20240808,1329,3840,3855,3830,3855,11570,44500000,6675256,6696883
20240808,1330,3855,3860,3840,3855,8879,34240000,6680057,6700961
20240808,1331,3850,3855,3835,3835,5771,22190000,6683667,6703122
20240808,1332,3835,3840,3815,3820,12039,46090000,6693155,6705673
20240808,1333,3815,3830,3810,3810,8066,30780000,6700894,6706000
20240808,1334,3830,3830,3820,3820,1341,5130000,6701302,6706933
20240808,1335,3820,3820,3805,3815,16390,62430000,6713736,6710889
20240808,1336,3815,3830,3800,3805,13968,53220000,6721197,6717396
20240808,1337,3820,3835,3805,3810,5383,20540000,6725425,6718551
20240808,1338,3810,3835,3805,3815,14863,56690000,6735994,6722845
20240808,1339,3815,3825,3805,3805,9322,35510000,6745178,6722983
20240808,1340,3805,3820,3795,3805,19552,74310000,6763677,6724036
20240808,1341,3805,3815,3805,3810,3598,13710000,6765340,6725971
20240808,1342,3810,3825,3805,3815,10093,38490000,6770854,6730550
20240808,1343,3815,3820,3815,3815,7396,28220000,6772933,6735867
20240808,1344,3810,3830,3805,3830,8789,33530000,6775842,6741747
20240808,1345,3830,3830,3810,3810,3250,12410000,6779044,6741795
20240808,1346,3815,3815,3800,3800,18933,71990000,6797547,6742225
20240808,1347,3800,3815,3795,3805,10943,41630000,6800724,6749991
20240808,1348,3805,3805,3785,3785,14950,56720000,6813664,6752001
20240808,1349,3785,3795,3785,3795,5657,21440000,6817448,6753874
20240808,1350,3795,3800,3790,3795,2352,8920000,6819317,6754357
20240808,1351,3795,3795,3785,3785,15124,57310000,6827847,6760951
20240808,1352,3785,3785,3770,3775,11519,43530000,6839174,6761143
20240808,1353,3775,3795,3770,3790,11872,44850000,6843690,6768499
20240808,1354,3790,3795,3785,3795,5729,21720000,6845999,6771919
20240808,1355,3795,3800,3790,3800,3803,14440000,6847623,6774098
20240808,1356,3800,3805,3795,3805,5218,19820000,6849144,6777795
20240808,1357,3805,3825,3800,3820,23186,88430000,6853239,6796886
20240808,1358,3815,3840,3815,3840,13211,50600000,6854130,6809206
20240808,1359,3840,3840,3830,3835,6865,26330000,6858415,6811786
20240808,1400,3830,3830,3820,3820,9095,34810000,6865117,6814179
20240808,1401,3825,3840,3815,3835,8112,31050000,6868169,6819239
20240808,1402,3835,3840,3830,3835,13253,50800000,6874422,6826239
20240808,1403,3835,3835,3820,3820,9818,37560000,6882627,6827852
20240808,1404,3820,3830,3805,3805,4538,17320000,6886908,6828109
20240808,1405,3805,3810,3795,3800,13540,51420000,6899496,6829061
20240808,1406,3800,3810,3800,3805,2207,8400000,6901395,6829369
20240808,1407,3810,3810,3800,3805,16953,64510000,6905693,6842024
20240808,1408,3805,3805,3780,3790,30714,116520000,6933798,6844633
20240808,1409,3790,3805,3790,3800,11072,42050000,6937379,6852124
20240808,1410,3800,3820,3795,3815,14037,53390000,6946401,6857139
20240808,1411,3815,3825,3810,3825,16095,61430000,6955955,6863680
20240808,1412,3825,3830,3815,3830,12346,47190000,6960122,6871859
20240808,1413,3830,3830,3820,3825,10623,40680000,6963363,6879241
20240808,1414,3825,3825,3815,3820,6041,23080000,6964854,6883791
20240808,1415,3820,3825,3805,3825,8823,33690000,6968620,6888848
20240808,1416,3825,3825,3795,3820,14011,53300000,6979003,6892476
20240808,1417,3820,3820,3800,3805,1042,3970000,6979343,6893178
20240808,1418,3805,3815,3795,3800,6966,26450000,6985442,6894045
20240808,1419,3800,3800,3790,3795,6705,25450000,6991016,6895176
20240808,1420,3795,3795,3780,3790,14016,53070000,7002701,6897507
20240808,1421,3790,3790,3780,3780,4954,18750000,7005809,6899353
20240808,1422,3790,3800,3780,3795,5731,21720000,7009587,6901306
20240808,1423,3795,3805,3795,3805,4788,18200000,7010752,6904929
20240808,1424,3805,3835,3805,3830,24166,92250000,7013001,6926846
20240808,1425,3835,3840,3805,3820,11539,44220000,7014574,6936812
20240808,1426,3820,3830,3820,3825,3668,14020000,7016041,6939013
20240808,1427,3825,3825,3800,3800,13753,52340000,7028366,6940441
20240808,1428,3810,3820,3805,3810,856,3260000,7028947,6940716
20240808,1429,3805,3815,3805,3815,2699,10290000,7030920,6941442
20240808,1430,3810,3820,3810,3810,10141,38680000,7038108,6944395
20240808,1431,3810,3815,3800,3805,5486,20890000,7041166,6946823
20240808,1432,3805,3810,3800,3805,5804,22060000,7045156,6948637
20240808,1433,3800,3810,3800,3810,14707,55960000,7051199,6957301
20240808,1434,3810,3820,3810,3820,7100,27090000,7054415,6961185
20240808,1435,3820,3820,3815,3820,10421,39810000,7057245,6968776
20240808,1436,3820,3825,3815,3820,2926,11170000,7059219,6969728
20240808,1437,3820,3820,3810,3810,5434,20730000,7063883,6970498
20240808,1438,3815,3820,3810,3815,2158,8240000,7065721,6970818
20240808,1439,3810,3815,3805,3810,2912,11090000,7067717,6971734
20240808,1440,3815,3815,3805,3805,4061,15470000,7071380,6972132
20240808,1441,3805,3810,3795,3795,19910,75670000,7090924,6972498
20240808,1442,3795,3800,3795,3795,5352,20310000,7096240,6972534
20240808,1443,3800,3800,3790,3795,4258,16160000,7099670,6973362
20240808,1444,3795,3800,3785,3790,10571,40080000,7104412,6979191
20240808,1445,3790,3795,3790,3795,4800,18210000,7107030,6981373
20240808,1446,3795,3805,3790,3805,13523,51370000,7109319,6992607
20240808,1447,3805,3815,3800,3815,3931,14960000,7111942,6993915
20240808,1448,3815,3820,3815,3815,8443,32210000,7118286,6996014
20240808,1449,3810,3810,3805,3805,8158,31050000,7123628,6998830
20240808,1450,3805,3805,3795,3795,5013,19050000,7128473,6998998
20240808,1451,3795,3805,3795,3800,5267,20010000,7131816,7000922
20240808,1452,3800,3810,3795,3805,5258,19980000,7135252,7002744
20240808,1453,3805,3810,3795,3795,16381,62220000,7149764,7004613
20240808,1454,3790,3800,3790,3795,4633,17580000,7152725,7006285
20240808,1455,3795,3805,3795,3805,23058,87640000,7156208,7025860
20240808,1456,3805,3810,3795,3805,6333,24100000,7158710,7029691
20240808,1457,3805,3815,3805,3815,4635,17660000,7159638,7033398
20240808,1458,3810,3815,3810,3810,5081,19360000,7163713,7034404
20240808,1459,3810,3815,3810,3815,1925,7340000,7164958,7035084
20240808,1500,3810,3815,3810,3815,7434,28360000,7166090,7041386
20240808,1501,3810,3815,3805,3810,13095,49900000,7176627,7043944
20240808,1502,3805,3850,3805,3845,89080,341310000,7190010,7119641
20240808,1503,3845,3845,3830,3840,24588,94380000,7205703,7128536
20240808,1504,3840,3840,3830,3840,18471,70850000,7213227,7139483
20240808,1505,3840,3850,3835,3845,18571,71350000,7219240,7152041
20240808,1506,3845,3870,3845,3860,68634,264750000,7235510,7204405
20240808,1507,3860,3865,3830,3845,59810,230300000,7277222,7222503
20240808,1508,3845,3850,3825,3850,11119,42640000,7284988,7225856
20240808,1509,3850,3850,3830,3835,20442,78440000,7301579,7229707
20240808,1510,3830,3845,3830,3845,23351,89670000,7306017,7248620
20240808,1511,3845,3850,3830,3840,17955,69030000,7316766,7255826
20240808,1512,3845,3845,3825,3830,17177,65870000,7328238,7261531
20240808,1513,3830,3830,3800,3815,32379,123520000,7356030,7266118
20240808,1514,3815,3830,3810,3830,16483,62980000,7362971,7275660
20240808,1515,3830,3830,3820,3830,18802,71930000,7373219,7284214
20240808,1516,3830,3835,3820,3825,29607,113360000,7387937,7299103
20240808,1517,3825,3835,3825,3830,22512,86180000,7397747,7311805
20240808,1518,3830,3840,3830,3830,23489,90030000,7409624,7323417
20240808,1519,3830,3835,3825,3830,19156,73350000,7419209,7332988
20240808,1520,3830,3840,3825,3835,30454,116820000,7432110,7350541
20240808,1530,3845,3845,3845,3845,118780,456710000,7432110,7469321
20240809,903,4315,4340,4265,4335,643722,2772800000,151844,491634
20240809,904,4325,4500,4290,4490,687311,3033360000,423791,906998
20240809,905,4490,4735,4485,4700,953658,4411150000,897108,1387339
20240809,906,4700,4705,4495,4540,725726,3343300000,1399074,1611099
20240809,907,4540,4545,4425,4425,454213,2030000000,1735132,1729254
20240809,908,4425,4480,4420,4430,288079,1282620000,1907905,1844560
20240809,909,4430,4545,4425,4510,248962,1117110000,2003565,1997862
20240809,910,4510,4515,4400,4400,190660,850710000,2146728,2045359
20240809,911,4405,4405,4280,4325,361596,1563980000,2401734,2151949
20240809,912,4325,4395,4305,4380,190311,827740000,2484713,2259281
20240809,913,4380,4385,4360,4380,83747,366160000,2520394,2307347
20240809,914,4380,4385,4340,4345,138887,606560000,2632669,2333959
20240809,915,4340,4345,4175,4180,283920,1209370000,2861621,2388927
20240809,916,4195,4275,4175,4265,188648,800340000,2964713,2474483
20240809,917,4270,4270,4240,4250,115263,490970000,3035901,2518558
20240809,918,4250,4255,4215,4215,89392,378300000,3108016,2535835
20240809,919,4215,4225,4145,4150,222386,927960000,3269816,2596421
20240809,920,4155,4190,4095,4105,226061,935910000,3413919,2678379
20240809,921,4115,4185,4070,4185,229873,944730000,3511188,2810983
20240809,922,4180,4185,4140,4150,85930,357700000,3570359,2837742
20240809,923,4155,4155,4120,4145,76499,316200000,3630792,2853808
20240809,924,4145,4145,4105,4115,71071,292800000,3687405,2868266
20240809,925,4120,4165,4110,4150,97182,402270000,3727311,2925542
20240809,926,4150,4155,4100,4105,71957,296750000,3780112,2944698
20240809,927,4100,4105,4035,4060,159390,648930000,3909175,2975025
20240809,928,4055,4095,4055,4065,61071,248900000,3941768,3003503
20240809,929,4070,4080,4055,4075,47859,194690000,3975796,3017334
20240809,930,4075,4075,4020,4045,89181,360720000,4042560,3039751
20240809,931,4050,4080,4040,4075,40542,164700000,4053747,3069106
20240809,932,4075,4115,4065,4115,67547,276070000,4071356,3119044
20240809,933,4110,4120,4095,4110,84982,349170000,4115121,3160261
20240809,934,4100,4145,4095,4135,60096,247910000,4144276,3191202
20240809,935,4130,4140,4115,4135,58293,240690000,4183171,3210600
20240809,936,4135,4160,4130,4160,38741,160580000,4196411,3236101
20240809,937,4160,4215,4155,4210,105094,440090000,4221277,3316329
20240809,938,4210,4245,4210,4245,140463,594230000,4276913,3401156
20240809,939,4245,4250,4220,4220,94931,401800000,4339012,3433988
20240809,940,4225,4225,4165,4165,82209,344550000,4405463,3449746
20240809,941,4165,4220,4160,4220,100911,422240000,4450395,3505725
20240809,942,4215,4220,4170,4180,29344,122860000,4470660,3514804
20240809,943,4175,4175,4140,4150,60574,251570000,4512291,3533747
20240809,944,4160,4200,4150,4200,16524,69000000,4518765,3543797
20240809,945,4200,4235,4195,4215,68048,286900000,4527507,3603103
20240809,946,4230,4265,4230,4265,101387,430630000,4551708,3680289
20240809,947,4260,4320,4260,4320,133317,572240000,4589081,3776233
20240809,948,4320,4320,4200,4235,168115,717750000,4702886,3830543
20240809,949,4240,4280,4225,4275,58581,250120000,4738597,3853413
20240809,950,4275,4335,4270,4335,82361,353620000,4755310,3919061
20240809,951,4335,4335,4300,4320,103668,448280000,4801756,3976283
20240809,952,4315,4340,4305,4335,80484,348120000,4818465,4040058
20240809,953,4335,4375,4330,4345,163187,710120000,4884767,4136943
20240809,954,4345,4350,4275,4290,112050,483590000,4967221,4166539
20240809,955,4295,4360,4290,4355,52892,229060000,4989063,4197589
20240809,956,4360,4395,4355,4390,148412,649890000,5026492,4308572
20240809,957,4395,4470,4390,4460,251451,1112690000,5093687,4492828
20240809,958,4445,4460,4340,4350,170863,751100000,5228309,4529069
20240809,959,4345,4385,4345,4355,106623,465780000,5277450,4586551
20240809,1000,4355,4360,4310,4310,88716,384950000,5353840,4598877
20240809,1001,4310,4315,4200,4260,133901,569640000,5450250,4636368
20240809,1002,4260,4315,4255,4315,55372,237400000,5467488,4674502
20240809,1003,4315,4340,4310,4340,41935,181360000,5488107,4695818
20240809,1004,4345,4345,4320,4325,37662,163020000,5519689,4701898
20240809,1005,4330,4330,4280,4280,57901,249390000,5573967,4705521
20240809,1006,4285,4285,4250,4255,41215,175840000,5609542,4711161
20240809,1007,4260,4260,4215,4220,62876,266210000,5659489,4724090
20240809,1008,4225,4300,4220,4275,58130,247680000,5675945,4765764
20240809,1009,4275,4280,4250,4260,33925,144600000,5699105,4776529
20240809,1010,4260,4270,4250,4255,43917,187010000,5729909,4789642
20240809,1011,4265,4270,4250,4265,31091,132390000,5749976,4800666
20240809,1012,4270,4295,4255,4290,37411,159890000,5764638,4823415
20240809,1013,4295,4325,4290,4320,67573,291220000,5768485,4887141
20240809,1014,4325,4360,4320,4355,68662,298050000,5786596,4937692
20240809,1015,4355,4360,4340,4350,96077,417970000,5854444,4965921
20240809,1016,4350,4355,4320,4330,78033,338910000,5926562,4971836
20240809,1017,4320,4320,4300,4300,35475,152790000,5954557,4979316
20240809,1018,4300,4305,4275,4285,27416,117570000,5974358,4986931
20240809,1019,4285,4290,4265,4280,26509,113210000,5988859,4998939
20240809,1020,4285,4300,4270,4295,15028,64500000,5997676,5005150
20240809,1021,4290,4295,4280,4280,14220,60970000,6008510,5008536
20240809,1022,4280,4285,4255,4255,34640,147650000,6038973,5012713
20240809,1023,4255,4280,4255,4275,18928,80790000,6047547,5023067
20240809,1024,4280,4295,4275,4285,10990,47090000,6050023,5031581
20240809,1025,4285,4285,4270,4270,8151,34860000,6055466,5034289
20240809,1026,4275,4275,4270,4270,9409,40180000,6063694,5035470
20240809,1027,4265,4270,4205,4210,83980,356280000,6145532,5037612
20240809,1028,4215,4250,4200,4225,34945,147470000,6171502,5046587
20240809,1029,4225,4225,4205,4215,33485,141040000,6200753,5050821
20240809,1030,4210,4255,4210,4250,24279,102600000,6208334,5067519
20240809,1031,4250,4270,4250,4260,14769,62930000,6214121,5076501
20240809,1032,4270,4270,4255,4260,21652,92250000,6231597,5080677
20240809,1033,4260,4260,4240,4260,15948,67750000,6240512,5087710
20240809,1034,4250,4260,4230,4245,14826,62880000,6253804,5089244
20240809,1035,4240,4245,4235,4240,7030,29820000,6259018,5091060
20240809,1036,4240,4240,4235,4240,9093,38530000,6264155,5095016
20240809,1037,4235,4245,4235,4240,12643,53620000,6268695,5103119
20240809,1038,4240,4255,4240,4240,8783,37280000,6274929,5105668
20240809,1039,4245,4245,4230,4235,18464,78260000,6291028,5108033
20240809,1040,4230,4240,4220,4225,16700,70620000,6306801,5108960
20240809,1041,4225,4225,4215,4220,19491,82230000,6321153,5114099
20240809,1042,4215,4225,4210,4210,23321,98310000,6341448,5117125
20240809,1043,4215,4215,4200,4205,54039,227150000,6393055,5119557
20240809,1044,4205,4205,4165,4165,42094,176140000,6433585,5121121
20240809,1045,4170,4190,4150,4190,36275,151040000,6451773,5139208
20240809,1046,4185,4195,4180,4185,13842,57940000,6461805,5143018
20240809,1047,4185,4210,4185,4210,21069,88390000,6468093,5157799
20240809,1048,4210,4210,4200,4205,4998,21020000,6470140,5160750
20240809,1049,4205,4205,4170,4170,26377,110480000,6496270,5160997
20240809,1050,4170,4190,4170,4190,4866,20310000,6500563,5161570
20240809,1051,4185,4190,4180,4185,4478,18750000,6501747,5164864
20240809,1052,4190,4190,4185,4185,6629,27760000,6505120,5168120
20240809,1053,4185,4195,4185,4195,2051,8590000,6505926,5169365
20240809,1054,4190,4195,4160,4160,19482,81410000,6522793,5171980
20240809,1055,4165,4180,4160,4160,13357,55640000,6531386,5176744
20240809,1056,4170,4170,4150,4150,24817,103080000,6556045,5176902
20240809,1057,4150,4155,4120,4145,41639,172300000,6583797,5190789
20240809,1058,4145,4145,4120,4130,14915,61560000,6596081,5193420
20240809,1059,4135,4135,4120,4130,16869,69630000,6601147,5205223
20240809,1100,4130,4130,4110,4120,71739,295310000,6628486,5249623
20240809,1101,4135,4140,4120,4130,7385,30520000,6631034,5254460
20240809,1102,4130,4160,4125,4160,9210,38120000,6634060,5260644
20240809,1103,4160,4160,4145,4155,7486,31100000,6639325,5262865
20240809,1104,4155,4155,4145,4145,6687,27740000,6645267,5263610
20240809,1105,4145,4150,4130,4140,10917,45200000,6653113,5266681
20240809,1106,4140,4140,4115,4130,18992,78300000,6669901,5268885
20240809,1107,4125,4130,4115,4115,8534,35180000,6677723,5269597
20240809,1108,4115,4135,4115,4120,21808,89880000,6690172,5278956
20240809,1109,4125,4125,4110,4115,10018,41260000,6694696,5284450
20240809,1110,4115,4120,4110,4110,10185,41900000,6704410,5284921
20240809,1111,4110,4120,4110,4115,7788,32050000,6708369,5288750
20240809,1112,4110,4120,4100,4120,39641,162770000,6740154,5296606
20240809,1113,4125,4135,4120,4130,12784,52760000,6746102,5303442
20240809,1114,4130,4130,4110,4130,6667,27470000,6750508,5305703
20240809,1115,4125,4130,4110,4110,6900,28420000,6754337,5308774
20240809,1116,4115,4150,4105,4145,21455,88380000,6762198,5322368
20240809,1117,4150,4190,4145,4160,49566,206630000,6792440,5341692
20240809,1118,4160,4175,4150,4155,18810,78300000,6809306,5343636
20240809,1119,4155,4170,4140,4150,10154,42150000,6818308,5344788
20240809,1120,4145,4155,4135,4145,6351,26320000,6822736,5346711
20240809,1121,4140,4145,4120,4120,8728,36080000,6828256,5349919
20240809,1122,4120,4125,4110,4110,18866,77630000,6844199,5352842
20240809,1123,4120,4130,4110,4125,8074,33270000,6850873,5354242
20240809,1124,4125,4150,4125,4150,6475,26800000,6852671,5358919
20240809,1125,4145,4160,4145,4155,13612,56540000,6858640,5366562
20240809,1126,4155,4160,4145,4155,15335,63690000,6871201,5369336
20240809,1127,4155,4155,4140,4145,6126,25390000,6874880,5371783
20240809,1128,4145,4150,4135,4145,6329,26220000,6880675,5372317
20240809,1129,4145,4145,4135,4135,5015,20740000,6885153,5372854
20240809,1130,4140,4160,4135,4160,11170,46320000,6885490,5383687
20240809,1131,4160,4165,4150,4160,6361,26450000,6886401,5389137
20240809,1132,4160,4160,4150,4155,10242,42550000,6893874,5391906
20240809,1133,4160,4170,4155,4165,10666,44380000,6894202,5402244
20240809,1134,4165,4175,4165,4165,10881,45360000,6895590,5411737
20240809,1135,4170,4175,4165,4170,6595,27490000,6899722,5414200
20240809,1136,4170,4185,4160,4185,9863,41190000,6900439,5423346
20240809,1137,4190,4195,4185,4190,28696,120220000,6915773,5436708
20240809,1138,4190,4195,4185,4195,10797,45260000,6921285,5441993
20240809,1139,4190,4220,4190,4215,21558,90630000,6923595,5461241
20240809,1140,4215,4225,4210,4210,16895,71240000,6933030,5468701
20240809,1141,4215,4220,4210,4215,5409,22810000,6935405,5471735
20240809,1142,4220,4220,4190,4190,21132,88920000,6949214,5479058
20240809,1143,4190,4200,4190,4200,4630,19410000,6953162,5479740
20240809,1144,4195,4200,4195,4200,11461,48130000,6954309,5490054
20240809,1145,4200,4215,4195,4200,13965,58720000,6963485,5494843
20240809,1146,4200,4205,4185,4200,9387,39340000,6970877,5496838
20240809,1147,4200,4200,4180,4180,6488,27160000,6977065,5497138
20240809,1148,4180,4190,4175,4175,10114,42270000,6985908,5498409
20240809,1149,4180,4185,4175,4175,3861,16120000,6989534,5498644
20240809,1150,4175,4180,4150,4155,12290,51150000,6998342,5502126
20240809,1151,4155,4165,4150,4150,8895,36910000,7007197,5502166
20240809,1152,4150,4165,4140,4140,6892,28580000,7013056,5503199
20240809,1153,4140,4155,4140,4145,3462,14350000,7014304,5505413
20240809,1154,4150,4165,4145,4150,6967,28890000,7018360,5508324
20240809,1155,4150,4160,4135,4150,14067,58240000,7032287,5508464
20240809,1156,4145,4150,4130,4130,4213,17430000,7036117,5508847
20240809,1157,4135,4135,4130,4130,6952,28710000,7042631,5509285
20240809,1158,4130,4150,4130,4135,6617,27370000,7046804,5511729
20240809,1159,4145,4150,4135,4140,3198,13260000,7047012,5514719
20240809,1200,4150,4150,4140,4150,3456,14330000,7048812,5516375
20240809,1201,4150,4150,4140,4140,3007,12450000,7051712,5516482
20240809,1202,4145,4150,4140,4150,2836,11760000,7052656,5518374
20240809,1203,4150,4160,4140,4150,8743,36300000,7053512,5526261
20240809,1204,4165,4170,4155,4165,1588,6620000,7054152,5527209
20240809,1205,4165,4165,4155,4165,1960,8160000,7054546,5528775
20240809,1206,4160,4170,4160,4170,3911,16290000,7054850,5532382
20240809,1207,4170,4195,4165,4190,14422,60390000,7055858,5545796
20240809,1208,4190,4190,4160,4160,1251,5220000,7056633,5546272
20240809,1209,4160,4180,4160,4175,1360,5670000,7057545,5546720
20240809,1210,4180,4180,4160,4160,1928,8040000,7059307,5546886
20240809,1211,4170,4175,4160,4165,244,1020000,7059424,5547013
20240809,1212,4165,4165,4160,4165,1623,6760000,7060521,5547539
20240809,1213,4165,4165,4155,4165,4724,19660000,7064930,5547854
20240809,1214,4160,4160,4155,4155,5939,24680000,7070839,5547884
20240809,1215,4155,4155,4150,4150,5225,21690000,7074517,5549431
20240809,1216,4155,4155,4150,4150,939,3900000,7075434,5549453
20240809,1217,4155,4155,4140,4145,11031,45740000,7086006,5549912
20240809,1218,4145,4150,4140,4140,3827,15850000,7089621,5550124
20240809,1219,4150,4150,4125,4130,17213,71100000,7106204,5550754
20240809,1220,4130,4140,4125,4135,2660,10990000,7108640,5550978
20240809,1221,4135,4140,4130,4130,4867,20100000,7113183,5551302
20240809,1222,4130,4135,4125,4130,5900,24370000,7115938,5554447
20240809,1223,4135,4140,4130,4140,3319,13730000,7116747,5556957
20240809,1224,4140,4150,4135,4150,3539,14650000,7119540,5557703
20240809,1225,4150,4150,4135,4140,462,1910000,7119570,5558135
20240809,1226,4140,4140,4135,4135,2542,10510000,7122015,5558232
20240809,1227,4135,4140,4135,4140,3035,12570000,7122568,5560714
20240809,1228,4140,4140,4135,4140,7134,29530000,7124311,5566105
20240809,1229,4140,4155,4140,4150,3693,15320000,7126068,5568041
20240809,1230,4150,4155,4140,4140,5410,22440000,7129869,5569650
20240809,1231,4140,4150,4135,4150,5112,21150000,7132361,5572270
20240809,1232,4150,4155,4150,4150,2342,9720000,7133792,5573181
20240809,1233,4150,4155,4145,4155,10314,42850000,7134281,5583006
20240809,1234,4155,4170,4130,4170,29771,123310000,7154443,5592615
20240809,1235,4170,4175,4170,4170,8037,33530000,7158355,5596740
20240809,1236,4170,4170,4150,4170,5562,23160000,7161144,5599513
20240809,1237,4170,4170,4160,4165,2707,11270000,7163195,5600169
20240809,1238,4165,4165,4150,4150,8050,33440000,7169146,5602268
20240809,1239,4150,4155,4140,4140,3091,12830000,7171660,5602845
20240809,1240,4140,4145,4140,4140,3085,12770000,7173518,5604072
20240809,1241,4140,4140,4130,4135,5484,22660000,7178469,5604605
20240809,1242,4135,4145,4130,4145,2708,11200000,7179192,5606590
20240809,1243,4145,4160,4140,4160,4521,18760000,7179709,5610594
20240809,1244,4155,4160,4140,4160,1977,8190000,7180945,5611335
20240809,1245,4160,4160,4150,4160,2792,11610000,7181065,5614007
20240809,1246,4160,4165,4155,4155,3123,13000000,7183235,5614960
20240809,1247,4155,4155,4140,4140,7118,29490000,7190012,5615301
20240809,1248,4135,4140,4135,4140,2574,10650000,7191995,5615892
20240809,1249,4140,4140,4130,4130,6147,25420000,7196132,5617902
20240809,1250,4135,4140,4125,4140,6806,28110000,7202620,5618220
20240809,1251,4135,4140,4125,4125,1583,6540000,7202693,5619730
20240809,1252,4125,4135,4125,4125,4020,16590000,7205919,5620524
20240809,1253,4130,4135,4125,4130,7022,28980000,7209889,5623576
20240809,1254,4130,4140,4125,4140,3636,15020000,7210436,5626665
20240809,1255,4140,4145,4130,4145,2299,9520000,7210459,5628941
20240809,1256,4145,4170,4140,4170,11013,45780000,7212080,5638333
20240809,1257,4170,4175,4160,4170,14435,60160000,7217634,5647214
20240809,1258,4170,4175,4155,4155,8789,36610000,7222146,5651491
20240809,1259,4150,4155,4145,4145,3199,13280000,7224333,5652503
20240809,1300,4150,4170,4145,4170,7618,31680000,7225779,5658675
20240809,1301,4170,4170,4165,4170,2782,11590000,7226982,5660254
20240809,1302,4170,4170,4155,4160,4873,20290000,7229686,5662423
20240809,1303,4160,4165,4155,4160,7749,32230000,7235518,5664340
20240809,1304,4160,4170,4155,4160,6679,27800000,7240998,5665539
20240809,1305,4160,4165,4155,4165,2817,11720000,7242092,5667262
20240809,1306,4160,4185,4160,4185,19713,82200000,7249964,5679103
20240809,1307,4185,4190,4175,4190,3826,16010000,7250263,5682630
20240809,1308,4190,4195,4185,4195,15422,64680000,7252312,5696003
20240809,1309,4195,4245,4180,4240,59064,249180000,7269925,5737454
20240809,1310,4245,4250,4205,4245,31916,135150000,7287830,5751465
20240809,1311,4245,4250,4225,4230,31707,134480000,7307750,5763252
20240809,1312,4235,4240,4225,4230,10928,46260000,7315884,5766046
20240809,1313,4225,4230,4205,4220,19082,80440000,7332928,5768084
20240809,1314,4215,4225,4215,4220,4714,19880000,7334387,5771339
20240809,1315,4225,4250,4220,4250,19904,84270000,7337160,5788470
20240809,1316,4250,4255,4235,4250,14224,60430000,7339766,5800088
20240809,1317,4240,4255,4230,4230,23863,101230000,7356749,5806968
20240809,1318,4230,4230,4220,4230,10817,45700000,7365053,5809481
20240809,1319,4230,4240,4225,4225,8929,37780000,7370754,5812709
20240809,1320,4225,4235,4220,4220,9251,39060000,7378427,5814287
20240809,1321,4220,4220,4200,4200,32976,138910000,7409514,5816176
20240809,1322,4205,4205,4190,4195,14173,59460000,7420900,5818963
20240809,1323,4190,4220,4190,4215,5986,25180000,7424029,5821820
20240809,1324,4200,4215,4195,4205,5756,24220000,7426547,5825058
20240809,1325,4205,4210,4195,4205,8789,36930000,7433419,5826975
20240809,1326,4205,4210,4185,4185,8555,35870000,7441047,5827902
20240809,1327,4190,4190,4180,4190,17334,72470000,7457646,5828637
20240809,1328,4190,4190,4160,4160,13965,58330000,7470490,5829758
20240809,1329,4165,4180,4160,4170,12733,53050000,7479511,5833470
20240809,1330,4175,4175,4160,4170,9468,39420000,7486179,5836270
20240809,1331,4170,4180,4165,4175,4405,18370000,7487690,5839164
20240809,1332,4180,4195,4175,4195,5813,24310000,7490552,5842115
20240809,1333,4195,4210,4185,4210,12868,54030000,7492717,5852818
20240809,1334,4210,4210,4195,4195,5932,24940000,7496080,5855387
20240809,1335,4200,4255,4200,4255,48761,206910000,7496993,5903235
20240809,1336,4255,4260,4245,4255,29334,124700000,7517185,5912377
20240809,1337,4255,4255,4250,4250,9600,40810000,7525367,5913795
20240809,1338,4255,4255,4245,4250,18087,76900000,7533768,5923481
20240809,1339,4245,4250,4230,4235,30411,129070000,7561936,5925724
20240809,1340,4230,4250,4230,4250,20814,88140000,7565132,5943342
20240809,1341,4250,4320,4245,4320,106805,457390000,7569883,6045396
20240809,1342,4320,4380,4315,4375,190115,827200000,7614376,6191018
20240809,1343,4380,4440,4375,4435,276334,1217500000,7685472,6396256
20240809,1344,4435,4440,4380,4385,193343,852660000,7826837,6448234
20240809,1345,4385,4390,4310,4345,126867,550820000,7909743,6492195
20240809,1346,4345,4350,4285,4315,105078,452950000,7981854,6525162
20240809,1347,4310,4375,4310,4370,71284,310730000,8005011,6573289
20240809,1348,4365,4390,4330,4360,88149,385040000,8044055,6622394
20240809,1349,4365,4365,4330,4330,58956,256380000,8074317,6651088
20240809,1350,4330,4345,4300,4340,65317,282390000,8124194,6666528
20240809,1351,4340,4380,4325,4350,79111,344700000,8135790,6734043
20240809,1352,4355,4380,4350,4370,56866,248590000,8165792,6760907
20240809,1353,4360,4360,4315,4325,73546,319430000,8235170,6765075
20240809,1354,4330,4335,4320,4325,44058,190680000,8267407,6776896
20240809,1355,4325,4350,4320,4350,50355,218020000,8288253,6806405
20240809,1356,4350,4350,4315,4325,39836,172530000,8317736,6816758
20240809,1357,4325,4325,4280,4285,65195,280280000,8375693,6823996
20240809,1358,4285,4310,4270,4300,42842,183570000,8402717,6839814
20240809,1359,4300,4310,4295,4310,11928,51360000,8408918,6845541
20240809,1400,4310,4330,4310,4315,20867,90140000,8420438,6854888
20240809,1401,4315,4320,4295,4295,22415,96580000,8437269,6860472
20240809,1402,4300,4305,4290,4290,15386,66080000,8450803,6862324
20240809,1403,4295,4295,4275,4275,30703,131690000,8475039,6868791
20240809,1404,4280,4290,4260,4270,28700,122450000,8498458,6874072
20240809,1405,4275,4300,4270,4300,16761,71800000,8503490,6885801
20240809,1406,4300,4300,4275,4280,22974,98440000,8523193,6889072
20240809,1407,4280,4295,4275,4275,6791,29070000,8528563,6890493
20240809,1408,4280,4285,4255,4255,29667,126530000,8556040,6892683
20240809,1409,4255,4260,4200,4225,65959,278440000,8614970,6899712
20240809,1410,4225,4240,4205,4240,17079,72070000,8625572,6906189
20240809,1411,4240,4245,4230,4240,8733,37010000,8628326,6912168
20240809,1412,4245,4250,4235,4235,20969,88980000,8638389,6923074
20240809,1413,4235,4240,4225,4230,10483,44370000,8644994,6926952
20240809,1414,4235,4255,4230,4250,15588,66200000,8649188,6938346
20240809,1415,4250,4255,4235,4255,6298,26740000,8651993,6941839
20240809,1416,4255,4295,4240,4285,14324,61150000,8654249,6953907
20240809,1417,4290,4295,4270,4290,11648,49910000,8655971,6963833
20240809,1418,4290,4295,4275,4275,15968,68370000,8667808,6967964
20240809,1419,4275,4280,4270,4270,7348,31420000,8673164,6969956
20240809,1420,4270,4270,4250,4260,16832,71680000,8688675,6971277
20240809,1421,4260,4280,4250,4255,17918,76200000,8699346,6978524
20240809,1422,4280,4280,4255,4265,6449,27490000,8702488,6981831
20240809,1423,4270,4270,4255,4270,3335,14220000,8704397,6983257
20240809,1424,4270,4300,4260,4300,19817,85000000,8705170,7002301
20240809,1425,4300,4300,4280,4300,24395,104790000,8715724,7016142
20240809,1426,4300,4300,4275,4290,29116,124910000,8740826,7020156
20240809,1427,4280,4290,4275,4275,5703,24410000,8745394,7021291
20240809,1428,4280,4280,4270,4270,6808,29090000,8751402,7022091
20240809,1429,4275,4275,4260,4270,10006,42680000,8757507,7025992
20240809,1430,4265,4270,4260,4265,5868,25010000,8762289,7027078
20240809,1431,4265,4265,4250,4255,14018,59670000,8772804,7030581
20240809,1432,4255,4255,4250,4250,8932,37990000,8780512,7031805
20240809,1433,4250,4255,4235,4240,16718,70880000,8794843,7034192
20240809,1434,4240,4250,4235,4240,8982,38100000,8800573,7037444
20240809,1435,4240,4245,4235,4240,3032,12860000,8803067,7037982
20240809,1436,4240,4240,4230,4240,7047,29850000,8807062,7041034
20240809,1437,4235,4240,4235,4235,3873,16410000,8810196,7041773
20240809,1438,4235,4240,4230,4230,9927,42010000,8817876,7044020
20240809,1439,4235,4255,4230,4255,9585,40650000,8818462,7053019
20240809,1440,4255,4270,4250,4270,12917,55090000,8818848,7065550
20240809,1441,4270,4295,4270,4270,13402,57350000,8823431,7074369
20240809,1442,4280,4285,4275,4275,1833,7850000,8824100,7075533
20240809,1443,4280,4285,4260,4260,5521,23600000,8828383,7076771
20240809,1444,4260,4270,4230,4255,12117,51480000,8839179,7078092
20240809,1445,4240,4255,4230,4245,5859,24810000,8844692,7078438
20240809,1446,4250,4250,4235,4235,4361,18500000,8847467,7080024
20240809,1447,4240,4250,4240,4250,3740,15860000,8850348,7080883
20240809,1448,4250,4250,4240,4240,4671,19830000,8853777,7082125
20240809,1449,4240,4245,4230,4240,11561,48960000,8861707,7085756
20240809,1450,4240,4240,4230,4230,18350,77660000,8875852,7089961
20240809,1451,4230,4240,4230,4235,13723,58100000,8879301,7100235
20240809,1452,4235,4235,4225,4225,12096,51140000,8890137,7101495
20240809,1453,4225,4230,4220,4220,27120,114510000,8915741,7103011
20240809,1454,4220,4230,4210,4210,14573,61440000,8928461,7104864
20240809,1455,4210,4215,4200,4205,27999,117730000,8949093,7112231
20240809,1456,4200,4210,4200,4205,24876,104550000,8964394,7121806
20240809,1457,4205,4210,4200,4205,10199,42880000,8969607,7126792
20240809,1458,4205,4240,4205,4240,11045,46700000,8972287,7135157
20240809,1459,4240,4250,4235,4240,16836,71480000,8977048,7147232
20240809,1500,4245,4245,4230,4235,6640,28150000,8979743,7151177
20240809,1501,4235,4250,4235,4240,8047,34120000,8983365,7155602
20240809,1502,4245,4245,4230,4230,11034,46750000,8991566,7158435
20240809,1503,4230,4240,4215,4215,7622,32230000,8995389,7162234
20240809,1504,4220,4220,4200,4205,18355,77230000,9011041,7164937
20240809,1505,4205,4205,4200,4205,16013,67290000,9020994,7170997
20240809,1506,4215,4215,4205,4205,3932,16550000,9022957,7172966
20240809,1507,4210,4210,4200,4210,20203,84980000,9034758,7181368
20240809,1508,4205,4215,4205,4210,8960,37700000,9040758,7184328
20240809,1509,4205,4240,4205,4230,13281,56110000,9041091,7197276
20240809,1510,4230,4240,4225,4230,17876,75710000,9050306,7205937
20240809,1511,4230,4230,4220,4220,5481,23150000,9055367,7206357
20240809,1512,4220,4230,4210,4210,9538,40220000,9064007,7207255
20240809,1513,4210,4220,4205,4210,11209,47230000,9073814,7208657
20240809,1514,4210,4215,4205,4210,15497,65220000,9083500,7214468
20240809,1515,4210,4220,4205,4220,11348,47800000,9089888,7219428
20240809,1516,4215,4220,4210,4210,16750,70560000,9101019,7225047
20240809,1517,4210,4215,4205,4205,16026,67410000,9114414,7227678
20240809,1518,4205,4230,4205,4220,44163,186180000,9136351,7249904
20240809,1519,4225,4250,4220,4245,41508,175810000,9152501,7275262
20240809,1520,4240,4245,4225,4225,45237,191620000,9184479,7288521
20240809,1530,4210,4210,4210,4210,103555,435970000,9184479,7392076
20240812,901,4215,4265,4210,4260,124810,526560000,29213,95597
20240812,902,4260,4360,4220,4355,150410,648780000,86388,188832
20240812,903,4360,4485,4350,4475,295617,1311310000,190035,380802
20240812,904,4475,4525,4405,4415,306448,1374150000,366341,510944
20240812,905,4410,4465,4375,4455,141183,623450000,431575,586893
20240812,906,4455,4545,4455,4535,286941,1292140000,525421,779988
20240812,907,4530,4540,4405,4415,218580,974770000,674985,849004
20240812,908,4415,4435,4405,4430,85410,376990000,725612,883787
20240812,909,4430,4445,4380,4395,104879,462570000,818567,895711
20240812,910,4395,4410,4345,4360,121379,529410000,911578,924079
20240812,911,4370,4370,4300,4320,107837,465780000,993782,949712
20240812,912,4310,4345,4300,4330,60148,260400000,1028476,975166
20240812,913,4325,4380,4315,4370,40754,177430000,1040138,1004258
20240812,914,4365,4380,4330,4335,63105,274890000,1087167,1020334
20240812,915,4330,4345,4320,4320,69286,300040000,1139416,1037371
20240812,916,4320,4320,4290,4290,75320,324050000,1206310,1045797
20240812,917,4290,4290,4225,4270,84921,361510000,1271852,1065176
20240812,918,4275,4300,4250,4295,42368,181600000,1293040,1086356
20240812,919,4295,4310,4285,4290,49070,211090000,1316353,1112113
20240812,920,4290,4310,4275,4295,25796,110570000,1336614,1117648
20240812,921,4290,4295,4275,4295,29819,127760000,1349594,1134487
20240812,922,4280,4310,4275,4310,24431,104810000,1361790,1146722
20240812,923,4305,4330,4295,4325,25955,111960000,1366011,1168456
20240812,924,4325,4325,4305,4310,19991,86270000,1380687,1173771
20240812,925,4310,4320,4305,4315,9144,39440000,1382538,1181064
20240812,926,4320,4320,4305,4310,19901,85800000,1398102,1185401
20240812,927,4310,4360,4310,4355,46230,200690000,1403617,1226116
20240812,928,4355,4365,4340,4365,25506,111130000,1412158,1243081
20240812,929,4365,4365,4315,4320,20028,86810000,1426428,1248839
20240812,930,4320,4320,4300,4310,46027,198130000,1470939,1250355
20240812,931,4305,4325,4300,4320,24807,106870000,1484748,1261353
20240812,932,4315,4325,4310,4315,7022,30300000,1489421,1263702
20240812,933,4320,4320,4280,4280,42952,184720000,1528309,1267766
20240812,934,4285,4290,4280,4285,9493,40680000,1532944,1272624
20240812,935,4285,4290,4275,4280,12270,52540000,1544368,1273470
20240812,936,4280,4285,4275,4280,7252,31020000,1549312,1275778
20240812,937,4280,4280,4265,4265,22923,97930000,1567361,1280652
20240812,938,4270,4270,4255,4255,21951,93520000,1588498,1281466
20240812,939,4255,4255,4215,4225,53474,226560000,1639873,1283565
20240812,940,4225,4230,4150,4170,111325,466790000,1731808,1302955
20240812,941,4155,4185,4110,4160,108444,450300000,1797148,1346059
20240812,942,4160,4170,4110,4150,47543,196930000,1830077,1360673
20240812,943,4150,4180,4135,4175,30432,126780000,1841200,1379982
20240812,944,4175,4185,4165,4180,27338,114130000,1856159,1392361
20240812,945,4180,4180,4160,4165,18762,78200000,1869574,1397708
20240812,946,4165,4180,4160,4165,26194,109090000,1880334,1413142
20240812,947,4165,4200,4165,4200,23431,97890000,1886382,1430525
20240812,948,4195,4195,4145,4150,72195,300780000,1956684,1432418
20240812,949,4150,4170,4145,4150,15901,66130000,1961638,1443365
20240812,950,4160,4165,4150,4165,15360,63830000,1971849,1448514
20240812,951,4165,4185,4160,4180,6648,27740000,1972497,1454514
20240812,952,4175,4180,4165,4165,11701,48830000,1980611,1458101
20240812,953,4175,4210,4165,4210,34894,146190000,1983567,1490039
20240812,954,4210,4220,4195,4220,19065,80330000,1993055,1499616
20240812,955,4215,4255,4215,4250,27246,115360000,1994340,1525577
20240812,956,4255,4270,4250,4265,26757,113900000,2008752,1537922
20240812,957,4245,4260,4225,4235,9421,39950000,2016127,1539968
20240812,958,4235,4250,4220,4220,17680,74770000,2028882,1544893
20240812,959,4220,4225,4215,4215,13715,57830000,2041240,1546250
20240812,1000,4215,4220,4200,4205,14682,61740000,2054503,1547669
20240812,1001,4200,4205,4195,4200,18842,79130000,2069043,1551971
20240812,1002,4200,4240,4200,4235,30291,127910000,2074764,1576541
20240812,1003,4235,4265,4235,4265,19338,82210000,2079437,1591206
20240812,1004,4260,4270,4255,4270,10662,45500000,2080946,1600359
20240812,1005,4270,4290,4265,4280,21517,92030000,2086185,1616637
20240812,1006,4280,4290,4270,4275,14928,63910000,2094017,1623733
20240812,1007,4275,4290,4255,4260,30445,130010000,2117976,1630219
20240812,1008,4255,4260,4245,4250,13065,55560000,2129965,1631295
20240812,1009,4250,4285,4250,4280,7082,30210000,2131446,1636896
20240812,1010,4270,4270,4255,4260,4026,17150000,2133419,1638949
20240812,1011,4255,4260,4235,4250,15223,64640000,2147467,1640124
20240812,1012,4250,4250,4235,4240,6053,25670000,2151608,1642036
20240812,1013,4240,4255,4230,4255,7323,31050000,2154345,1646622
20240812,1014,4250,4260,4240,4240,8052,34200000,2160249,1648770
20240812,1015,4240,4245,4240,4240,4484,19020000,2162923,1650580
20240812,1016,4240,4240,4235,4240,4254,18020000,2164986,1652771
20240812,1017,4240,4240,4210,4215,12426,52470000,2176665,1653518
20240812,1018,4210,4230,4205,4225,12953,54550000,2179394,1663742
20240812,1019,4225,4235,4215,4215,8980,37920000,2185195,1666921
20240812,1020,4225,4235,4210,4225,2233,9430000,2186262,1668087
20240812,1021,4225,4225,4210,4215,4312,18180000,2189466,1669195
20240812,1022,4215,4240,4210,4240,24903,105120000,2195934,1687630
20240812,1023,4240,4245,4220,4220,6387,27050000,2199085,1690866
20240812,1024,4225,4255,4220,4240,7415,31500000,2199827,1697539
20240812,1025,4240,4255,4240,4245,3922,16660000,2200960,1700328
20240812,1026,4235,4240,4230,4230,1126,4770000,2201547,1700867
20240812,1027,4230,4240,4215,4220,3772,15930000,2205266,1700920
20240812,1028,4215,4220,4205,4210,11383,47960000,2215311,1702258
20240812,1029,4210,4210,4195,4195,15460,64960000,2228573,1704456
20240812,1030,4195,4200,4195,4200,13357,56070000,2233795,1712591
20240812,1031,4195,4210,4195,4195,9014,37840000,2237900,1717500
20240812,1032,4200,4200,4190,4190,9524,39960000,2241425,1723499
20240812,1033,4195,4195,4180,4190,10416,43610000,2251102,1724238
20240812,1034,4185,4185,4170,4170,9230,38540000,2260010,1724560
20240812,1035,4170,4180,4165,4175,17185,71680000,2270202,1731553
20240812,1036,4175,4210,4170,4200,24956,104450000,2278973,1747738
20240812,1037,4210,4210,4185,4210,2982,12550000,2279826,1749867
20240812,1038,4215,4240,4215,4240,6429,27200000,2282802,1753320
20240812,1039,4235,4250,4230,4250,7930,33620000,2283022,1761030
20240812,1040,4250,4260,4235,4250,11874,50490000,2285523,1770403
20240812,1041,4245,4245,4235,4235,2860,12110000,2288162,1770624
20240812,1042,4235,4240,4220,4230,7235,30620000,2294969,1771052
20240812,1043,4230,4240,4220,4230,1299,5490000,2295697,1771623
20240812,1044,4225,4225,4210,4210,8586,36200000,2303006,1772900
20240812,1045,4215,4240,4210,4235,12210,51560000,2306104,1782012
20240812,1046,4235,4240,4225,4225,2215,9380000,2307404,1782927
20240812,1047,4220,4230,4220,4230,1737,7340000,2308184,1783884
20240812,1048,4230,4230,4200,4220,2828,11920000,2310806,1784090
20240812,1049,4210,4215,4200,4215,2668,11220000,2312974,1784590
20240812,1050,4210,4220,4210,4220,1886,7950000,2313234,1786216
20240812,1051,4220,4230,4220,4225,1796,7580000,2313604,1787642
20240812,1052,4225,4230,4215,4230,3178,13420000,2314085,1790339
20240812,1053,4225,4230,4225,4230,2309,9750000,2316379,1790354
20240812,1054,4230,4230,4225,4225,2752,11630000,2318276,1791209
20240812,1055,4230,4230,4210,4210,2610,10990000,2320714,1791381
20240812,1056,4220,4220,4210,4210,1983,8360000,2321663,1792415
20240812,1057,4210,4225,4210,4225,387,1630000,2321879,1792586
20240812,1058,4210,4225,4210,4220,3360,14160000,2324221,1793604
20240812,1059,4220,4220,4210,4210,4993,21040000,2328399,1794419
20240812,1100,4215,4220,4210,4220,4570,19250000,2332342,1795046
20240812,1101,4220,4220,4215,4220,1340,5650000,2333458,1795270
20240812,1102,4220,4220,4210,4220,3680,15520000,2334813,1797595
20240812,1103,4215,4220,4215,4215,585,2460000,2334846,1798147
20240812,1104,4215,4220,4210,4220,2243,9450000,2336882,1798354
20240812,1105,4215,4215,4205,4215,10083,42470000,2342738,1802581
20240812,1106,4220,4220,4210,4215,1993,8390000,2344195,1803117
20240812,1107,4210,4215,4210,4210,1160,4890000,2344653,1803819
20240812,1108,4210,4210,4205,4205,6402,26950000,2347313,1807561
20240812,1109,4205,4210,4200,4205,5509,23170000,2351533,1808850
20240812,1110,4200,4200,4195,4195,9244,38810000,2360401,1809226
20240812,1111,4195,4200,4195,4195,2734,11470000,2363030,1809331
20240812,1112,4195,4200,4190,4195,7557,31670000,2370306,1809612
20240812,1113,4200,4205,4195,4195,16134,67740000,2376745,1819307
20240812,1114,4195,4205,4190,4195,4805,20160000,2380277,1820580
20240812,1115,4205,4205,4195,4195,729,3060000,2380875,1820711
20240812,1116,4195,4200,4190,4190,8106,33970000,2388292,1821400
20240812,1117,4195,4195,4190,4195,1551,6510000,2389020,1822223
20240812,1118,4195,4195,4190,4190,2803,11740000,2391124,1822922
20240812,1119,4190,4190,4185,4190,6146,25750000,2396261,1823931
20240812,1120,4185,4185,4175,4175,12883,53850000,2409127,1823948
20240812,1121,4180,4185,4175,4180,12509,52240000,2410841,1834743
20240812,1122,4180,4180,4175,4175,2668,11150000,2412982,1835270
20240812,1123,4180,4180,4170,4175,4237,17670000,2416453,1836036
20240812,1124,4175,4175,4170,4170,2165,9040000,2417961,1836693
20240812,1125,4170,4185,4170,4180,2680,11200000,2418440,1838894
20240812,1126,4185,4200,4185,4195,16558,69370000,2419214,1854678
20240812,1127,4195,4200,4195,4195,352,1480000,2419285,1854959
20240812,1128,4195,4200,4195,4200,1211,5080000,2420482,1854973
20240812,1129,4195,4205,4195,4200,4153,17440000,2421164,1858444
20240812,1130,4200,4205,4175,4205,9626,40290000,2430784,1858450
20240812,1131,4200,4200,4185,4190,4942,20750000,2433977,1860199
20240812,1132,4200,4200,4180,4195,1845,7730000,2435323,1860698
20240812,1133,4185,4195,4180,4190,5003,20920000,2439882,1861142
20240812,1134,4195,4195,4190,4195,2814,11800000,2439882,1863956
20240812,1135,4195,4195,4180,4195,4414,18510000,2441689,1866563
20240812,1136,4190,4220,4190,4220,23577,99130000,2441845,1889984
20240812,1137,4220,4220,4195,4200,2903,12220000,2443429,1891303
20240812,1138,4210,4215,4200,4210,2520,10600000,2445765,1891487
20240812,1139,4215,4215,4200,4200,3614,15190000,2448643,1892223
20240812,1140,4200,4210,4200,4210,8271,34740000,2451415,1897722
20240812,1141,4205,4210,4200,4210,750,3160000,2451704,1898183
20240812,1142,4205,4210,4200,4210,2601,10940000,2453874,1898614
20240812,1143,4205,4210,4205,4210,596,2500000,2454444,1898640
20240812,1144,4205,4215,4205,4205,1781,7500000,2454624,1900241
20240812,1145,4210,4215,4205,4215,1191,5010000,2455540,1900516
20240812,1146,4215,4215,4210,4210,538,2270000,2455827,1900767
20240812,1147,4215,4215,4210,4210,795,3350000,2455978,1901411
20240812,1148,4210,4220,4210,4220,4736,19960000,2456320,1905805
20240812,1149,4220,4220,4220,4220,581,2450000,2456320,1906386
20240812,1150,4220,4220,4215,4220,1539,6490000,2456512,1907733
20240812,1151,4220,4220,4215,4220,6640,28020000,2457744,1913141
20240812,1152,4220,4225,4220,4220,1290,5440000,2458714,1913461
20240812,1153,4220,4225,4215,4220,545,2300000,2459032,1913688
20240812,1154,4215,4220,4215,4220,758,3200000,2459359,1914119
20240812,1155,4220,4220,4215,4215,188,790000,2459442,1914224
20240812,1156,4215,4215,4215,4215,170,720000,2459612,1914224
20240812,1157,4215,4215,4210,4210,3823,16110000,2462910,1914749
20240812,1158,4210,4215,4210,4210,520,2190000,2463410,1914769
20240812,1159,4210,4215,4210,4215,1910,8050000,2464479,1915610
20240812,1200,4210,4215,4210,4210,7985,33620000,2472363,1915711
20240812,1201,4210,4210,4205,4205,604,2540000,2472576,1916102
20240812,1202,4205,4205,4200,4200,2949,12390000,2475500,1916127
20240812,1203,4200,4205,4200,4200,4213,17690000,2479564,1916276
20240812,1204,4200,4200,4190,4190,8613,36120000,2487919,1916534
20240812,1205,4195,4200,4180,4185,8275,34640000,2495014,1917714
20240812,1206,4185,4185,4180,4180,7056,29500000,2501510,1918274
20240812,1207,4180,4180,4175,4180,2849,11910000,2504050,1918583
20240812,1208,4180,4190,4180,4190,4528,18950000,2505996,1921165
20240812,1209,4195,4200,4190,4200,1300,5450000,2507244,1921217
20240812,1210,4195,4195,4180,4180,1406,5890000,2508273,1921594
20240812,1211,4185,4185,4175,4180,4725,19740000,2512847,1921745
20240812,1212,4180,4185,4180,4185,1002,4190000,2512847,1922747
20240812,1213,4185,4190,4180,4185,1527,6390000,2513874,1923247
20240812,1214,4190,4190,4180,4180,4059,16980000,2517582,1923598
20240812,1215,4185,4190,4180,4185,2183,9140000,2519106,1924257
20240812,1216,4185,4190,4180,4180,2194,9180000,2520567,1924990
20240812,1217,4180,4210,4180,4205,5672,23810000,2520696,1930533
20240812,1218,4200,4205,4190,4190,2516,10550000,2522591,1931154
20240812,1219,4195,4200,4190,4195,172,730000,2522720,1931197
20240812,1220,4195,4195,4190,4195,311,1300000,2522919,1931309
20240812,1221,4195,4195,4185,4190,2556,10710000,2525338,1931446
20240812,1222,4190,4190,4185,4185,1238,5180000,2526161,1931861
20240812,1223,4195,4195,4190,4190,365,1530000,2526201,1932186
20240812,1224,4190,4190,4190,4190,410,1720000,2526535,1932262
20240812,1225,4185,4190,4185,4190,575,2410000,2527102,1932270
20240812,1226,4185,4200,4185,4200,2457,10300000,2527524,1934305
20240812,1227,4200,4200,4190,4195,665,2790000,2527526,1934968
20240812,1228,4195,4200,4190,4190,1602,6730000,2528026,1936070
20240812,1229,4195,4200,4195,4200,1475,6190000,2528362,1937209
20240812,1230,4195,4200,4185,4190,1714,7180000,2529926,1937359
20240812,1231,4190,4190,4190,4190,498,2090000,2530416,1937367
20240812,1232,4185,4200,4180,4190,4137,17310000,2534516,1937404
20240812,1233,4200,4200,4190,4190,1551,6500000,2535127,1938344
20240812,1234,4190,4190,4185,4185,1590,6650000,2536703,1938358
20240812,1235,4185,4185,4185,4185,710,2970000,2537413,1938358
20240812,1236,4185,4185,4180,4180,2638,11040000,2539542,1938867
20240812,1237,4180,4185,4180,4185,4094,17120000,2543581,1938922
20240812,1238,4180,4185,4175,4180,5443,22750000,2549009,1938937
20240812,1239,4175,4180,4170,4170,11554,48210000,2560469,1939031
20240812,1240,4170,4175,4170,4170,1573,6560000,2561941,1939132
20240812,1241,4175,4175,4170,4170,708,2950000,2562180,1939601
20240812,1242,4170,4180,4170,4170,4644,19370000,2565621,1940804
20240812,1243,4170,4180,4170,4175,1730,7220000,2567249,1940906
20240812,1244,4170,4180,4170,4180,1927,8050000,2567557,1942525
20240812,1245,4180,4180,4175,4180,2582,10780000,2569209,1943455
20240812,1246,4175,4185,4170,4180,2008,8380000,2570885,1943787
20240812,1247,4180,4180,4175,4180,349,1460000,2570927,1944094
20240812,1248,4180,4185,4180,4185,434,1820000,2571085,1944370
20240812,1249,4180,4185,4175,4180,1894,7910000,2572674,1944675
20240812,1250,4185,4200,4175,4175,10053,42100000,2576183,1951219
20240812,1251,4200,4200,4170,4180,1161,4850000,2577277,1951286
20240812,1252,4175,4185,4175,4180,3669,15330000,2578592,1953640
20240812,1253,4180,4185,4180,4185,1724,7210000,2579709,1954247
20240812,1254,4190,4190,4180,4180,1060,4440000,2580275,1954741
20240812,1255,4180,4185,4180,4180,2582,10800000,2582641,1954957
20240812,1256,4180,4185,4180,4185,1229,5140000,2583767,1955060
20240812,1257,4180,4185,4180,4180,3457,14450000,2586984,1955300
20240812,1258,4180,4185,4170,4175,8023,33500000,2594396,1955911
20240812,1259,4170,4185,4170,4180,514,2150000,2594835,1955986
20240812,1300,4180,4190,4180,4190,6217,26010000,2595852,1961186
20240812,1301,4190,4190,4185,4185,2030,8510000,2595902,1963166
20240812,1302,4180,4180,4180,4180,2410,10070000,2598312,1963166
20240812,1303,4180,4180,4175,4180,2520,10530000,2600048,1963950
20240812,1304,4180,4185,4175,4180,2875,12010000,2601315,1965558
20240812,1305,4175,4185,4175,4175,2876,12010000,2603362,1966387
20240812,1306,4180,4185,4180,4185,692,2900000,2603402,1967039
20240812,1307,4180,4185,4175,4180,1852,7740000,2604838,1967455
20240812,1308,4180,4180,4175,4175,2658,11090000,2607471,1967480
20240812,1309,4180,4180,4170,4175,12723,53100000,2619577,1968097
20240812,1310,4170,4175,4165,4170,3692,15380000,2623083,1968283
20240812,1311,4170,4170,4165,4165,5814,24230000,2626090,1971090
20240812,1312,4165,4165,4155,4160,21459,89240000,2647312,1971327
20240812,1313,4160,4160,4150,4150,31281,129860000,2677458,1972462
20240812,1314,4150,4150,4140,4145,7326,30370000,2683209,1974037
20240812,1315,4145,4150,4140,4150,6524,27050000,2685145,1978625
20240812,1316,4145,4150,4140,4145,7491,31030000,2692443,1978818
20240812,1317,4145,4150,4115,4135,23296,96190000,2713177,1981380
20240812,1318,4135,4140,4110,4125,6822,28070000,2719580,1981799
20240812,1319,4130,4140,4125,4130,8718,36040000,2719936,1990161
20240812,1320,4130,4145,4125,4140,4618,19080000,2722483,1992232
20240812,1321,4130,4140,4130,4135,4113,16980000,2725783,1993045
20240812,1322,4140,4145,4130,4140,7356,30430000,2725933,2000251
20240812,1323,4140,4140,4125,4140,9780,40390000,2734273,2001691
20240812,1324,4140,4145,4125,4130,24303,100410000,2742219,2018048
20240812,1325,4130,4140,4125,4125,7891,32570000,2748779,2019379
20240812,1326,4125,4140,4125,4125,1887,7780000,2750463,2019582
20240812,1327,4125,4140,4125,4140,505,2090000,2750877,2019673
20240812,1328,4135,4135,4130,4135,8145,33660000,2755741,2022954
20240812,1329,4135,4140,4130,4135,9039,37380000,2758575,2029159
20240812,1330,4140,4145,4135,4140,8790,36390000,2758932,2037592
20240812,1331,4140,4140,4130,4140,4037,16700000,2761364,2039197
20240812,1332,4135,4140,4135,4135,5276,21820000,2763261,2042576
20240812,1333,4140,4140,4135,4135,1558,6450000,2764201,2043194
20240812,1334,4140,4145,4125,4145,14923,61670000,2775302,2047016
20240812,1335,4145,4145,4135,4145,1936,8020000,2775722,2048532
20240812,1336,4135,4145,4135,4140,4177,17290000,2778521,2049910
20240812,1337,4140,4140,4135,4140,3704,15330000,2781222,2050913
20240812,1338,4140,4140,4135,4135,3004,12430000,2782981,2052158
20240812,1339,4140,4150,4140,4140,6637,27490000,2784007,2057769
20240812,1340,4145,4145,4140,4140,2471,10230000,2785410,2058837
20240812,1341,4140,4150,4130,4145,5335,22070000,2790669,2058913
20240812,1342,4145,4145,4135,4140,1966,8130000,2792382,2059166
20240812,1343,4140,4140,4130,4135,2442,10100000,2794672,2059318
20240812,1344,4130,4135,4130,4130,2786,11510000,2796644,2060132
20240812,1345,4130,4145,4130,4140,2685,11100000,2797047,2062414
20240812,1346,4140,4140,4135,4135,351,1450000,2797083,2062729
20240812,1347,4135,4135,4130,4130,1973,8160000,2798970,2062815
20240812,1348,4130,4135,4130,4135,2700,11150000,2800907,2063578
20240812,1349,4135,4140,4130,4135,1012,4180000,2801834,2063663
20240812,1350,4135,4135,4120,4120,12810,52860000,2814155,2064152
20240812,1351,4130,4135,4120,4130,797,3280000,2814819,2064285
20240812,1352,4135,4135,4120,4120,3380,13950000,2818134,2064350
20240812,1353,4125,4135,4125,4135,9074,37480000,2818839,2072719
20240812,1354,4135,4135,4120,4125,4880,20160000,2820572,2075866
20240812,1355,4120,4125,4120,4125,7514,30960000,2827467,2076485
20240812,1356,4120,4125,4120,4120,3487,14360000,2830870,2076569
20240812,1357,4120,4120,4115,4120,9485,39040000,2839156,2077768
20240812,1358,4115,4120,4110,4115,6572,27030000,2845669,2077827
20240812,1359,4115,4120,4110,4110,11971,49200000,2854219,2081248
20240812,1400,4115,4120,4110,4115,2644,10880000,2855684,2082427
20240812,1401,4115,4115,4110,4110,6573,27020000,2861840,2082844
20240812,1402,4115,4115,4105,4105,10523,43200000,2872187,2083020
20240812,1403,4105,4110,4105,4105,8803,36140000,2874884,2089126
20240812,1404,4105,4110,4105,4110,9818,40300000,2875503,2098325
20240812,1405,4105,4110,4085,4085,54161,222050000,2927571,2100418
20240812,1406,4085,4100,4080,4085,13766,56230000,2935746,2106009
20240812,1407,4090,4100,4080,4090,20282,82970000,2943692,2118345
20240812,1408,4095,4100,4090,4095,16432,67250000,2950611,2127858
20240812,1409,4090,4095,4090,4095,2142,8770000,2951612,2128999
20240812,1410,4095,4100,4090,4100,2850,11670000,2952088,2131373
20240812,1411,4100,4100,4095,4095,2284,9350000,2954209,2131536
20240812,1412,4095,4100,4090,4095,6457,26430000,2960557,2131645
20240812,1413,4095,4100,4090,4100,5217,21380000,2960820,2136599
20240812,1414,4100,4100,4080,4085,13742,56140000,2974239,2136922
20240812,1415,4085,4095,4075,4095,8919,36370000,2982301,2137779
20240812,1416,4085,4095,4080,4090,2335,9540000,2983682,2138733
20240812,1417,4090,4090,4080,4090,11368,46470000,2987638,2146145
20240812,1418,4090,4090,4080,4085,3311,13530000,2990188,2146906
20240812,1419,4085,4090,4080,4080,5442,22230000,2991680,2150856
20240812,1420,4085,4085,4080,4085,5494,22430000,2993237,2154793
20240812,1421,4085,4100,4085,4100,12389,50710000,2993806,2166613
20240812,1422,4100,4115,4100,4110,10710,43990000,2995569,2175560
20240812,1423,4110,4125,4110,4120,9099,37460000,2995815,2184413
20240812,1424,4120,4130,4115,4125,8232,33950000,2998516,2189944
20240812,1425,4125,4130,4125,4130,5017,20710000,3001721,2191756
20240812,1426,4125,4150,4125,4150,13573,56200000,3004557,2202493
20240812,1427,4150,4150,4145,4145,2092,8680000,3005216,2203926
20240812,1428,4150,4170,4150,4170,6041,25150000,3005664,2209519
20240812,1429,4170,4225,4170,4205,41726,175380000,3008985,2247924
20240812,1430,4220,4225,4160,4200,45192,190330000,3034202,2267899
20240812,1431,4200,4250,4200,4250,40399,170960000,3038141,2304359
20240812,1432,4245,4250,4230,4235,28167,119490000,3055471,2315196
20240812,1433,4240,4250,4240,4250,30937,131370000,3064922,2336682
20240812,1434,4245,4250,4240,4240,13705,58170000,3071540,2343769
20240812,1435,4235,4235,4200,4205,18927,79850000,3089515,2344721
20240812,1436,4200,4205,4195,4205,8697,36530000,3094379,2348554
20240812,1437,4210,4220,4200,4215,4794,20180000,3095399,2352328
20240812,1438,4215,4225,4215,4220,9200,38820000,3101064,2355863
20240812,1439,4225,4225,4210,4210,6421,27060000,3106408,2356940
20240812,1440,4210,4215,4195,4195,13295,55860000,3119500,2357143
20240812,1441,4195,4210,4190,4205,4340,18210000,3123104,2357879
20240812,1442,4205,4210,4205,4205,2671,11240000,3123645,2360009
20240812,1443,4205,4215,4205,4215,3585,15100000,3123927,2363312
20240812,1444,4215,4220,4205,4215,4372,18420000,3127248,2364363
20240812,1445,4215,4215,4215,4215,1177,4960000,3127248,2365540
20240812,1446,4215,4220,4210,4215,6492,27390000,3128447,2370833
20240812,1447,4215,4230,4215,4225,6990,29520000,3130635,2375635
20240812,1448,4220,4225,4205,4210,26027,109760000,3153016,2379281
20240812,1449,4210,4210,4175,4180,22089,92680000,3174737,2379649
20240812,1450,4180,4200,4180,4200,1556,6520000,3175714,2380228
20240812,1451,4195,4200,4185,4190,2419,10150000,3177889,2380472
20240812,1452,4190,4190,4180,4185,4307,18020000,3180666,2382002
20240812,1453,4190,4200,4190,4195,2545,10670000,3181524,2383689
20240812,1454,4195,4195,4185,4190,4153,17400000,3183158,2386208
20240812,1455,4190,4190,4185,4190,11579,48500000,3186416,2394529
20240812,1456,4195,4195,4185,4190,4423,18540000,3190627,2394741
20240812,1457,4190,4190,4180,4180,8384,35070000,3197395,2396357
20240812,1458,4180,4185,4165,4170,12680,52910000,3208990,2397442
20240812,1459,4170,4190,4170,4175,8134,34000000,3210844,2403722
20240812,1500,4180,4180,4170,4170,4519,18860000,3215277,2403808
20240812,1501,4170,4170,4155,4165,12534,52130000,3221876,2409743
20240812,1502,4160,4180,4160,4175,11737,48920000,3223962,2419394
20240812,1503,4175,4180,4175,4175,5039,21040000,3227544,2420851
20240812,1504,4175,4175,4165,4170,3650,15210000,3230467,2421578
20240812,1505,4170,4175,4165,4170,4405,18370000,3232025,2424425
20240812,1506,4170,4175,4170,4175,5613,23430000,3233713,2428350
20240812,1507,4175,4175,4170,4175,3771,15730000,3235495,2430339
20240812,1508,4170,4180,4170,4180,2311,9650000,3236203,2431942
20240812,1509,4180,4180,4165,4165,9599,40030000,3244355,2433389
20240812,1510,4165,4180,4165,4175,5428,22660000,3245766,2437406
20240812,1511,4175,4180,4175,4180,4198,17530000,3247471,2439899
20240812,1512,4180,4195,4180,4195,6106,25570000,3247893,2445583
20240812,1513,4195,4210,4195,4210,13213,55540000,3250792,2455897
20240812,1514,4210,4225,4205,4205,12104,51030000,3254420,2464373
20240812,1515,4210,4215,4200,4215,10721,45110000,3263028,2466486
20240812,1516,4215,4215,4205,4215,12507,52660000,3273389,2468632
20240812,1517,4210,4215,4210,4215,4182,17620000,3275651,2470552
20240812,1518,4215,4215,4210,4210,18160,76510000,3282047,2482316
20240812,1519,4215,4230,4210,4220,31549,133070000,3284927,2510985
20240812,1520,4220,4220,4215,4220,30281,127740000,3297651,2528542
20240812,1530,4215,4215,4215,4215,81853,345010000,3297651,2610395
